Phase,Stack,Mode,Profile,Dataset,BookCount,Scenario,Status,ProcessRuns,PassSamples,FailedSamples,UnsupportedSamples,wall_time_ms_count,wall_time_ms_median,wall_time_ms_p10,wall_time_ms_p90,wall_time_ms_mean,wall_time_ms_stdev,wall_time_ms_min,wall_time_ms_max,natural_lua_heap_kb_count,natural_lua_heap_kb_median,natural_lua_heap_kb_p10,natural_lua_heap_kb_p90,natural_lua_heap_kb_mean,natural_lua_heap_kb_stdev,natural_lua_heap_kb_min,natural_lua_heap_kb_max,lua_heap_delta_kb_count,lua_heap_delta_kb_median,lua_heap_delta_kb_p10,lua_heap_delta_kb_p90,lua_heap_delta_kb_mean,lua_heap_delta_kb_stdev,lua_heap_delta_kb_min,lua_heap_delta_kb_max,rss_kb_count,rss_kb_median,rss_kb_p10,rss_kb_p90,rss_kb_mean,rss_kb_stdev,rss_kb_min,rss_kb_max,set_dirty_calls_count,set_dirty_calls_median,set_dirty_calls_p10,set_dirty_calls_p90,set_dirty_calls_mean,set_dirty_calls_stdev,set_dirty_calls_min,set_dirty_calls_max,refresh_count_count,refresh_count_median,refresh_count_p10,refresh_count_p90,refresh_count_mean,refresh_count_stdev,refresh_count_min,refresh_count_max,full_refreshes_count,full_refreshes_median,full_refreshes_p10,full_refreshes_p90,full_refreshes_mean,full_refreshes_stdev,full_refreshes_min,full_refreshes_max,partial_refreshes_count,partial_refreshes_median,partial_refreshes_p10,partial_refreshes_p90,partial_refreshes_mean,partial_refreshes_stdev,partial_refreshes_min,partial_refreshes_max,unique_dirty_pct_count,unique_dirty_pct_median,unique_dirty_pct_p10,unique_dirty_pct_p90,unique_dirty_pct_mean,unique_dirty_pct_stdev,unique_dirty_pct_min,unique_dirty_pct_max,cumulative_dirty_screen_equivalents_count,cumulative_dirty_screen_equivalents_median,cumulative_dirty_screen_equivalents_p10,cumulative_dirty_screen_equivalents_p90,cumulative_dirty_screen_equivalents_mean,cumulative_dirty_screen_equivalents_stdev,cumulative_dirty_screen_equivalents_min,cumulative_dirty_screen_equivalents_max,largest_single_dirty_pct_count,largest_single_dirty_pct_median,largest_single_dirty_pct_p10,largest_single_dirty_pct_p90,largest_single_dirty_pct_mean,largest_single_dirty_pct_stdev,largest_single_dirty_pct_min,largest_single_dirty_pct_max,visible_count_before_count,visible_count_before_median,visible_count_before_p10,visible_count_before_p90,visible_count_before_mean,visible_count_before_stdev,visible_count_before_min,visible_count_before_max,visible_count_after_count,visible_count_after_median,visible_count_after_p10,visible_count_after_p90,visible_count_after_mean,visible_count_after_stdev,visible_count_after_min,visible_count_after_max,total_pages_count,total_pages_median,total_pages_p10,total_pages_p90,total_pages_mean,total_pages_stdev,total_pages_min,total_pages_max,forced_gc_live_heap_kb_count,forced_gc_live_heap_kb_median,forced_gc_live_heap_kb_p10,forced_gc_live_heap_kb_p90,forced_gc_live_heap_kb_mean,forced_gc_live_heap_kb_stdev,forced_gc_live_heap_kb_min,forced_gc_live_heap_kb_max
bookends_control,A_stock,warm,bookends_control,real_2692,2692,change_sort_mode,PASS,1,10,0,0,10,69.5145,53.8151,98.15530000000001,75.6221,17.763241686446513,53.726,102.649,10,19289.709960937,14198.154882812,25087.684863281196,19412.1218749998,5542.731349677566,14177.743164062,30467.200195312,10,4918.41796875,-10895.9851562504,5055.98974609375,-1142.4064453125,8349.125859732594,-16117.969726562,5163.396484375,10,225072.0,225072.0,225072.0,225072.0,0.0,225072.0,225072.0,10,2.0,2.0,3.1999999999999993,2.4,0.9660917830792959,2.0,5.0,10,2.0,2.0,3.1999999999999993,2.4,0.9660917830792959,2.0,5.0,10,2.0,2.0,3.1999999999999993,2.4,0.9660917830792959,2.0,5.0,10,0.0,0.0,0.0,0.0,0.0,0.0,0.0,10,100.0,100.0,100.0,100.0,0.0,100.0,100.0,10,2.0,2.0,3.1999999999999993,2.4,0.9660917830792959,2.0,5.0,10,100.0,100.0,100.0,100.0,0.0,100.0,100.0,,,,,,,,,,,,,,,,,,,,,,,,,,,,,,,,
bookends_control,A_stock,warm,bookends_control,real_2692,2692,close_book,PASS,1,10,0,0,10,34.576,22.5394,53.680699999999995,37.990300000000005,15.255959732001275,21.508,66.791,10,16742.900878906003,13960.934179687,17447.653125,15940.349316406,1711.4726811705343,13520.458007812,18475.189453125,10,1649.470703125,-232.12861328124998,2650.9471679687495,1290.22509765625,1380.9545340397376,-738.859375,3384.6396484375,10,329104.0,329104.0,329104.0,329104.0,0.0,329104.0,329104.0,10,4.0,4.0,4.0,4.0,0.0,4.0,4.0,10,4.0,4.0,4.0,4.0,0.0,4.0,4.0,10,3.0,3.0,3.0,3.0,0.0,3.0,3.0,10,1.0,1.0,1.0,1.0,0.0,1.0,1.0,10,100.0,100.0,100.0,100.0,0.0,100.0,100.0,10,3.0983009708738,3.0983009708738,3.0983009708738,3.0983009708738,0.0,3.0983009708738,3.0983009708738,10,100.0,100.0,100.0,100.0,0.0,100.0,100.0,,,,,,,,,,,,,,,,,,,,,,,,,,,,,,,,
bookends_control,A_stock,warm,bookends_control,real_2692,2692,home_to_library,PASS,1,10,0,0,10,33.7705,32.5576,65.6492,42.7192,20.44112923495177,32.158,94.847,10,26159.633300781003,17981.820898437003,34167.7069335933,26361.921679687403,6353.442816081618,17777.032226562,36951.474609375,10,3059.33984375,-10618.79453124995,3179.9629882812496,-361.52265624995016,7746.032838423242,-19177.676757812,3807.388671875,10,214280.0,200123.2,216720.0,210243.2,7402.984815449629,199216.0,216720.0,10,1.0,1.0,1.3999999999999986,1.4,1.2649110640673518,1.0,5.0,10,1.0,1.0,1.3999999999999986,1.4,1.2649110640673518,1.0,5.0,10,1.0,1.0,1.3999999999999986,1.4,1.2649110640673518,1.0,5.0,10,0.0,0.0,0.0,0.0,0.0,0.0,0.0,10,100.0,100.0,100.0,100.0,0.0,100.0,100.0,10,1.0,1.0,1.3999999999999986,1.4,1.2649110640673518,1.0,5.0,10,100.0,100.0,100.0,100.0,0.0,100.0,100.0,,,,,,,,,,,,,,,,,,,,,,,,,,,,,,,,
bookends_control,A_stock,warm,bookends_control,real_2692,2692,library_cached_paging,PASS,1,30,0,0,30,17.592,14.368299999999998,35.1028,20.606466666666666,7.695129748332913,12.059,37.264,30,15580.4931640625,13870.972851561999,17495.3726562496,15732.5076171873,1399.0477681570933,13795.735351562,18911.263671875,30,884.0537109375,-3408.74697265625,964.30888671875,3.9990234375,1810.51455741765,-4810.2861328125,1051.3212890625,30,218816.0,218784.0,218816.0,218804.26666666666,15.684240571313952,218784.0,218816.0,30,1.0,1.0,1.0,1.0,0.0,1.0,1.0,30,1.0,1.0,1.0,1.0,0.0,1.0,1.0,30,1.0,1.0,1.0,1.0,0.0,1.0,1.0,30,0.0,0.0,0.0,0.0,0.0,0.0,0.0,30,100.0,100.0,100.0,100.0,0.0,100.0,100.0,30,1.0,1.0,1.0,1.0,0.0,1.0,1.0,30,100.0,100.0,100.0,100.0,0.0,100.0,100.0,30,10.0,10.0,10.0,10.0,0.0,10.0,10.0,30,10.0,10.0,10.0,10.0,0.0,10.0,10.0,30,51.0,51.0,51.0,51.0,0.0,51.0,51.0,,,,,,,,
bookends_control,A_stock,warm,bookends_control,real_2692,2692,library_first_render,PASS,1,10,0,0,10,44.1345,34.4489,61.58899999999999,48.0949,15.667980288544603,31.694,86.051,10,23666.786132813,16880.7035156254,35819.280859374994,25137.213867187696,8448.38965907307,13451.258789062,38781.05078125,10,3317.81298828125,-11025.12265625005,3842.0352539062496,-704.9876953125498,9562.53330928652,-25336.956054688,4149.9521484375,10,218048.0,216720.0,218705.59999999998,217782.4,779.4042169075898,216720.0,218720.0,10,2.0,1.0,3.3999999999999986,2.5,1.7795130420052185,1.0,7.0,10,2.0,1.0,3.3999999999999986,2.5,1.7795130420052185,1.0,7.0,10,2.0,1.0,3.3999999999999986,2.5,1.7795130420052185,1.0,7.0,10,0.0,0.0,0.0,0.0,0.0,0.0,0.0,10,100.0,100.0,100.0,100.0,0.0,100.0,100.0,10,2.0,1.0,3.3999999999999986,2.5,1.7795130420052185,1.0,7.0,10,100.0,100.0,100.0,100.0,0.0,100.0,100.0,,,,,,,,,,,,,,,,,,,,,,,,,,,,,,,,
bookends_control,A_stock,warm,bookends_control,real_2692,2692,library_folder_back,PASS,1,10,0,0,10,85.555,61.5257,112.7693,87.15990000000001,20.078731176435316,60.758,120.35,10,25379.308105468503,17000.745898437002,31624.994238281197,24203.2167968747,6417.071003075246,15646.973632812,34043.270507812,10,5933.00341796875,-9575.1388671875,6230.05498046875,612.09443359375,7956.515723335997,-15902.544921875,6361.9375,10,225072.0,224288.0,225072.0,224915.2,330.56342474293456,224288.0,225072.0,10,4.5,3.0,9.0,5.5,2.5055493963954847,3.0,9.0,10,4.5,3.0,9.0,5.5,2.5055493963954847,3.0,9.0,10,3.5,2.0,8.0,4.5,2.5055493963954847,2.0,8.0,10,1.0,1.0,1.0,1.0,0.0,1.0,1.0,10,100.0,100.0,100.0,100.0,0.0,100.0,100.0,10,3.5983009708738,2.0983009708738,8.0983009708738,4.598300970873799,2.5055493963954842,2.0983009708738,8.0983009708738,10,100.0,100.0,100.0,100.0,0.0,100.0,100.0,,,,,,,,,,,,,,,,,,,,,,,,,,,,,,,,
bookends_control,A_stock,warm,bookends_control,real_2692,2692,library_folder_enter,PASS,1,10,0,0,10,25.2855,17.9924,53.36989999999999,32.5355,21.061232195935524,17.105,86.903,10,21545.657714843503,18440.517578125397,26286.5364257812,21955.1719726562,3539.3455363300873,17998.911132812,27425.399414062,10,1621.75830078125,-6580.252734375,2744.02333984375,52.0158203125,3966.1112450164565,-8217.4951171875,2908.0439453125,10,218816.0,218816.0,220177.59999999998,219315.2,877.7765850906103,218816.0,221344.0,10,2.0,2.0,2.299999999999999,2.3,0.9486832980505138,2.0,5.0,10,2.0,2.0,2.299999999999999,2.3,0.9486832980505138,2.0,5.0,10,1.0,1.0,1.299999999999999,1.3,0.9486832980505138,1.0,4.0,10,1.0,1.0,1.0,1.0,0.0,1.0,1.0,10,100.0,100.0,100.0,100.0,0.0,100.0,100.0,10,1.0983009708738,1.0983009708738,1.398300970873799,1.3983009708738001,0.9486832980505138,1.0983009708738,4.0983009708738,10,100.0,100.0,100.0,100.0,0.0,100.0,100.0,,,,,,,,,,,,,,,,,,,,,,,,,,,,,,,,
bookends_control,A_stock,warm,bookends_control,real_2692,2692,library_sequential_paging,PASS,1,30,0,0,30,17.341,14.5338,34.1373,19.972766666666665,6.923286521156191,13.339,37.061,30,14887.623535156501,13765.717773437,16153.182226562501,14947.516829427066,855.7600345907517,13673.934570312,16655.759765625,30,483.326171875,-1976.20009765625,517.98984375,26.346614583333334,1080.4493418423226,-2917.7470703125,543.7392578125,30,218784.0,218766.4,218784.0,218776.53333333333,10.903126199376958,218752.0,218784.0,30,1.0,1.0,1.0,1.0,0.0,1.0,1.0,30,1.0,1.0,1.0,1.0,0.0,1.0,1.0,30,1.0,1.0,1.0,1.0,0.0,1.0,1.0,30,0.0,0.0,0.0,0.0,0.0,0.0,0.0,30,100.0,100.0,100.0,100.0,0.0,100.0,100.0,30,1.0,1.0,1.0,1.0,0.0,1.0,1.0,30,100.0,100.0,100.0,100.0,0.0,100.0,100.0,30,10.0,10.0,10.0,10.0,0.0,10.0,10.0,30,10.0,10.0,10.0,10.0,0.0,10.0,10.0,30,51.0,51.0,51.0,51.0,0.0,51.0,51.0,,,,,,,,
bookends_control,A_stock,warm,bookends_control,real_2692,2692,open_book,PASS,1,10,0,0,10,67.95349999999999,52.5577,77.184,66.253,10.550842367634287,52.285,84.456,10,13305.735351562,12115.261523437,14299.502539062,13261.657910155798,835.5348212791816,12094.860351562,14341.317382812,10,-1959.5703125,-4659.71220703125,1275.59443359375,-1771.37998046875,2573.4881545631224,-6486.01171875,1322.05078125,10,329104.0,329104.0,329104.0,329104.0,0.0,329104.0,329104.0,10,9.0,8.899999999999999,9.0,8.9,0.31622776601683794,8.0,9.0,10,9.0,8.899999999999999,9.0,8.9,0.31622776601683794,8.0,9.0,10,9.0,8.899999999999999,9.0,8.9,0.31622776601683794,8.0,9.0,10,0.0,0.0,0.0,0.0,0.0,0.0,0.0,10,100.0,100.0,100.0,100.0,0.0,100.0,100.0,10,9.0,8.899999999999999,9.0,8.9,0.31622776601683794,8.0,9.0,10,100.0,100.0,100.0,100.0,0.0,100.0,100.0,,,,,,,,,,,,,,,,,,,,,,,,,,,,,,,,
bookends_control,A_stock,warm,bookends_control,real_2692,2692,open_book_minimal,PASS,1,10,0,0,10,124.4545,87.2243,151.88819999999998,122.69270000000002,37.05245078428986,67.94,203.856,10,15628.526367187,15596.953710937,17230.8171875,15946.541015624598,698.1767319494396,15569.598632812,17318.662109375,10,-2530.54150390625,-4155.8703125,-699.9939453125007,-2333.5142578125,1631.6742837568463,-4335.9072265625,1185.173828125,10,329080.0,295691.19999999995,329104.0,320552.0,13822.152654344402,295504.0,329104.0,10,0.0,0.0,0.0,0.0,0.0,0.0,0.0,10,0.0,0.0,0.0,0.0,0.0,0.0,0.0,10,0.0,0.0,0.0,0.0,0.0,0.0,0.0,10,0.0,0.0,0.0,0.0,0.0,0.0,0.0,10,0.0,0.0,0.0,0.0,0.0,0.0,0.0,10,0.0,0.0,0.0,0.0,0.0,0.0,0.0,10,0.0,0.0,0.0,0.0,0.0,0.0,0.0,,,,,,,,,,,,,,,,,,,,,,,,,,,,,,,,
bookends_control,A_stock,warm,bookends_control,real_2692,2692,reader_page_turn,PASS,1,10,0,0,10,8.729,7.835100000000001,10.301699999999997,9.400400000000001,3.7603459119843987,4.083,19.164,10,14834.989257813,13597.481738281302,15092.2184570313,14596.816503906299,628.4881987698146,13321.534179688,15137.866210938,10,16.34326171875,-91.55458984374998,24.799902343749995,-84.73173828125,331.3324544109665,-1027.3955078125,43.0908203125,10,329104.0,329104.0,329104.0,329104.0,0.0,329104.0,329104.0,10,1.0,1.0,1.0,1.0,0.0,1.0,1.0,10,1.0,1.0,1.0,1.0,0.0,1.0,1.0,10,1.0,1.0,1.0,1.0,0.0,1.0,1.0,10,0.0,0.0,0.0,0.0,0.0,0.0,0.0,10,100.0,100.0,100.0,100.0,0.0,100.0,100.0,10,1.0,1.0,1.0,1.0,0.0,1.0,1.0,10,100.0,100.0,100.0,100.0,0.0,100.0,100.0,,,,,,,,,,,,,,,,,,,,,,,,,,,,,,,,
bookends_control,A_stock,warm,bookends_control,real_2692,2692,start_to_home,UNSUPPORTED,1,0,0,10,,,,,,,,,,,,,,,,,,,,,,,,,,,,,,,,,,,,,,,,,,,,,,,,,,,,,,,,,,,,,,,,,,,,,,,,,,,,,,,,,,,,,,,,,,,,,,,,,,,,,,,,,,,,,,,,,,,,,,,,
bookends_control,K_stock_bookends,warm,bookends_control,real_2692,2692,change_sort_mode,PASS,1,10,0,0,10,69.092,63.5587,97.91929999999998,80.4211,21.93011706129774,63.547,132.905,10,20460.162109375,14800.892382813,29464.503417968797,21249.0451171877,6020.0346168308,14790.194335938,30507.725585938,10,4660.3798828125,-14605.2163085933,4845.165625,-810.0833007812,8249.957548598528,-14994.681640625,5059.1669921875,10,226528.0,226496.0,226529.59999999998,226516.8,18.55202893965449,226496.0,226544.0,10,2.0,2.0,5.1,3.0,1.632993161855452,2.0,6.0,10,2.0,2.0,5.1,3.0,1.632993161855452,2.0,6.0,10,2.0,2.0,5.1,3.0,1.632993161855452,2.0,6.0,10,0.0,0.0,0.0,0.0,0.0,0.0,0.0,10,100.0,100.0,100.0,100.0,0.0,100.0,100.0,10,2.0,2.0,5.1,3.0,1.632993161855452,2.0,6.0,10,100.0,100.0,100.0,100.0,0.0,100.0,100.0,,,,,,,,,,,,,,,,,,,,,,,,,,,,,,,,
bookends_control,K_stock_bookends,warm,bookends_control,real_2692,2692,close_book,PASS,1,10,0,0,10,29.5845,26.3572,36.195799999999984,33.6625,15.27286845102197,25.477,76.739,10,24605.9814453125,24019.6897460942,25476.069531249603,24632.3801757814,966.006658583986,22485.95703125,26107.354492188,10,2358.58203125,1389.94091796875,2439.06005859375,1828.32734375,1455.8032959209625,-2262.9296875,2566.8662109375,10,346120.0,337216.0,354656.0,345972.8,8907.707883251074,337216.0,354656.0,10,4.0,4.0,4.0,4.0,0.0,4.0,4.0,10,4.0,4.0,4.0,4.0,0.0,4.0,4.0,10,3.0,3.0,3.0,3.0,0.0,3.0,3.0,10,1.0,1.0,1.0,1.0,0.0,1.0,1.0,10,100.0,100.0,100.0,100.0,0.0,100.0,100.0,10,3.0983009708738,3.0983009708738,3.0983009708738,3.0983009708738,0.0,3.0983009708738,3.0983009708738,10,100.0,100.0,100.0,100.0,0.0,100.0,100.0,,,,,,,,,,,,,,,,,,,,,,,,,,,,,,,,
bookends_control,K_stock_bookends,warm,bookends_control,real_2692,2692,home_to_library,PASS,1,10,0,0,10,37.948499999999996,33.2749,71.79189999999998,49.0115,22.584428692993075,32.248,101.986,10,26726.337890625,21332.579101563,34004.4678710933,27330.790234375097,5406.191767868066,20641.916992188,37315.466796875,10,3070.64208984375,-9150.91884765625,3688.42509765625,155.43173828125,6922.609485121279,-16553.224609375,3803.08984375,10,207184.0,205411.2,209934.4,207740.8,2487.5961086961042,204720.0,213088.0,10,1.0,1.0,5.399999999999999,2.2,2.6997942308422114,1.0,9.0,10,1.0,1.0,5.399999999999999,2.2,2.6997942308422114,1.0,9.0,10,1.0,1.0,5.399999999999999,2.2,2.6997942308422114,1.0,9.0,10,0.0,0.0,0.0,0.0,0.0,0.0,0.0,10,100.0,100.0,100.0,100.0,0.0,100.0,100.0,10,1.0,1.0,5.399999999999999,2.2,2.6997942308422114,1.0,9.0,10,100.0,100.0,100.0,100.0,0.0,100.0,100.0,,,,,,,,,,,,,,,,,,,,,,,,,,,,,,,,
bookends_control,K_stock_bookends,warm,bookends_control,real_2692,2692,library_cached_paging,PASS,1,30,0,0,30,16.634,13.8123,34.7431,20.249599999999997,8.272456778057386,11.287,39.028,30,15848.471191405999,14109.129492188,17853.46640625,16005.0949869792,1442.763438457935,14002.772460938,18832.53125,30,873.83203125,-3770.4771484375,999.9645507812501,-41.137109375,1849.8321741904642,-4675.2705078125,1037.8857421875,30,222544.0,222544.0,222544.0,222544.0,0.0,222544.0,222544.0,30,1.0,1.0,1.0,1.0,0.0,1.0,1.0,30,1.0,1.0,1.0,1.0,0.0,1.0,1.0,30,1.0,1.0,1.0,1.0,0.0,1.0,1.0,30,0.0,0.0,0.0,0.0,0.0,0.0,0.0,30,100.0,100.0,100.0,100.0,0.0,100.0,100.0,30,1.0,1.0,1.0,1.0,0.0,1.0,1.0,30,100.0,100.0,100.0,100.0,0.0,100.0,100.0,30,10.0,10.0,10.0,10.0,0.0,10.0,10.0,30,10.0,10.0,10.0,10.0,0.0,10.0,10.0,30,51.0,51.0,51.0,51.0,0.0,51.0,51.0,,,,,,,,
bookends_control,K_stock_bookends,warm,bookends_control,real_2692,2692,library_first_render,PASS,1,10,0,0,10,46.760000000000005,32.7003,61.44769999999999,47.6973,13.65387664975287,32.379,75.377,10,24118.70703125,17953.8497070313,34624.204296875,25227.6510742188,7347.218436233257,14418.643554688,37619.755859375,10,3307.2548828125,-11481.2116210938,3949.28779296875,-550.1339843750499,9051.678704300328,-23204.596679688,4164.86328125,10,213880.0,213190.4,222512.0,216307.2,4323.658039721046,213104.0,222512.0,10,2.0,1.0,5.0,2.5,1.509230856356236,1.0,5.0,10,2.0,1.0,5.0,2.5,1.509230856356236,1.0,5.0,10,2.0,1.0,5.0,2.5,1.509230856356236,1.0,5.0,10,0.0,0.0,0.0,0.0,0.0,0.0,0.0,10,100.0,100.0,100.0,100.0,0.0,100.0,100.0,10,2.0,1.0,5.0,2.5,1.509230856356236,1.0,5.0,10,100.0,100.0,100.0,100.0,0.0,100.0,100.0,,,,,,,,,,,,,,,,,,,,,,,,,,,,,,,,
bookends_control,K_stock_bookends,warm,bookends_control,real_2692,2692,library_folder_back,PASS,1,10,0,0,10,92.5445,68.52069999999999,122.9612,93.52329999999999,24.483714964350398,57.952,128.507,10,28464.846679687,26235.893554688,36049.569921875,29508.5652343751,5175.695301405887,19394.733398438,36084.986328125,10,6142.1982421875,4318.348144531251,6410.8833984375,4603.2548828125,4977.026843684579,-9548.265625,6512.40234375,10,225344.0,225344.0,225459.2,225459.2,364.2943864513973,225344.0,226496.0,10,8.0,3.9,9.2,6.8,2.780887148615228,3.0,11.0,10,8.0,3.9,9.2,6.8,2.780887148615228,3.0,11.0,10,7.0,2.9000000000000004,8.2,5.8,2.780887148615228,2.0,10.0,10,1.0,1.0,1.0,1.0,0.0,1.0,1.0,10,100.0,100.0,100.0,100.0,0.0,100.0,100.0,10,7.0983009708738,2.9983009708738004,8.298300970873818,5.89830097087382,2.7808871486152613,2.0983009708738,10.098300970874,10,100.0,100.0,100.0,100.0,0.0,100.0,100.0,,,,,,,,,,,,,,,,,,,,,,,,,,,,,,,,
bookends_control,K_stock_bookends,warm,bookends_control,real_2692,2692,library_folder_enter,PASS,1,10,0,0,10,26.057,22.7897,44.716499999999996,29.3313,9.496015902003908,20.042,48.888,10,22155.386230468997,18381.543554688,28677.2321289058,23065.9749023439,4302.5935032762245,17982.674804688,28728.98828125,10,1662.69775390625,-1351.36494140625,2829.619140625,890.4181640625,2802.9580591951826,-6451.224609375,2978.98046875,10,222608.0,222608.0,223884.8,223008.0,649.3976696395926,222608.0,224144.0,10,2.0,2.0,2.0,2.0,0.0,2.0,2.0,10,2.0,2.0,2.0,2.0,0.0,2.0,2.0,10,1.0,1.0,1.0,1.0,0.0,1.0,1.0,10,1.0,1.0,1.0,1.0,0.0,1.0,1.0,10,100.0,100.0,100.0,100.0,0.0,100.0,100.0,10,1.0983009708738,1.0983009708738,1.0983009708738,1.0983009708738,0.0,1.0983009708738,1.0983009708738,10,100.0,100.0,100.0,100.0,0.0,100.0,100.0,,,,,,,,,,,,,,,,,,,,,,,,,,,,,,,,
bookends_control,K_stock_bookends,warm,bookends_control,real_2692,2692,library_sequential_paging,PASS,1,30,0,0,30,18.424500000000002,15.995999999999999,34.9287,21.410500000000003,7.435954534881691,12.601,37.342,30,14979.170410155999,13913.582617188,16125.011328124601,15066.985058593767,891.2485671669327,13819.397460938,17114.388671875,30,489.5107421875,-1978.87587890625,537.6832031250001,-19.446712239583334,1109.0241993848947,-3297.7412109375,568.779296875,30,222544.0,222528.0,222544.0,222540.26666666666,6.882929074433221,222528.0,222544.0,30,1.0,1.0,1.0,1.0,0.0,1.0,1.0,30,1.0,1.0,1.0,1.0,0.0,1.0,1.0,30,1.0,1.0,1.0,1.0,0.0,1.0,1.0,30,0.0,0.0,0.0,0.0,0.0,0.0,0.0,30,100.0,100.0,100.0,100.0,0.0,100.0,100.0,30,1.0,1.0,1.0,1.0,0.0,1.0,1.0,30,100.0,100.0,100.0,100.0,0.0,100.0,100.0,30,10.0,10.0,10.0,10.0,0.0,10.0,10.0,30,10.0,10.0,10.0,10.0,0.0,10.0,10.0,30,51.0,51.0,51.0,51.0,0.0,51.0,51.0,,,,,,,,
bookends_control,K_stock_bookends,warm,bookends_control,real_2692,2692,open_book,PASS,1,10,0,0,10,64.3525,58.804899999999996,75.32159999999999,66.5244,8.335680538770932,58.426,85.974,10,21095.6328125,20412.0192382812,21912.318749999602,21126.711035156102,608.571780208136,20128.481445312,22128.366210938,10,943.537109375,578.19140625,1387.659765625,963.9498046875,333.4648048036984,564.498046875,1393.2109375,10,337216.0,337216.0,337216.0,337216.0,0.0,337216.0,337216.0,10,11.0,10.9,11.0,10.9,0.31622776601683794,10.0,11.0,10,11.0,10.9,11.0,10.9,0.31622776601683794,10.0,11.0,10,11.0,10.9,11.0,10.9,0.31622776601683794,10.0,11.0,10,0.0,0.0,0.0,0.0,0.0,0.0,0.0,10,100.0,100.0,100.0,100.0,0.0,100.0,100.0,10,11.0,10.9,11.0,10.9,0.31622776601683794,10.0,11.0,10,100.0,100.0,100.0,100.0,0.0,100.0,100.0,,,,,,,,,,,,,,,,,,,,,,,,,,,,,,,,
bookends_control,K_stock_bookends,warm,bookends_control,real_2692,2692,open_book_minimal,PASS,1,10,0,0,10,133.0495,85.9975,152.84949999999998,129.0528,37.39793021248339,77.587,205.648,10,19482.980957031497,17484.5155273437,22116.628125000003,19551.832421875,1857.0857557775596,17060.899414062,22789.96875,10,-2211.533203125,-4010.5568359374997,107.54667968749945,-2027.45380859375,1710.3874310139156,-4115.939453125,1452.4384765625,10,333008.0,304032.0,335686.4,326529.6,13615.82023644228,299856.0,336752.0,10,0.0,0.0,0.0,0.0,0.0,0.0,0.0,10,0.0,0.0,0.0,0.0,0.0,0.0,0.0,10,0.0,0.0,0.0,0.0,0.0,0.0,0.0,10,0.0,0.0,0.0,0.0,0.0,0.0,0.0,10,0.0,0.0,0.0,0.0,0.0,0.0,0.0,10,0.0,0.0,0.0,0.0,0.0,0.0,0.0,10,0.0,0.0,0.0,0.0,0.0,0.0,0.0,,,,,,,,,,,,,,,,,,,,,,,,,,,,,,,,
bookends_control,K_stock_bookends,warm,bookends_control,real_2692,2692,reader_page_turn,PASS,1,10,0,0,10,8.149,7.312399999999999,9.0232,8.167300000000001,0.7857868031470114,7.307,9.169,10,20559.402832031003,19680.6178710933,21883.985449218304,20565.1057617186,1206.6452500078542,18143.689453125,22428.240234375,10,18.5859375,13.320507812499999,31.582324218749985,23.7892578125,17.69410379675086,12.9619140625,72.0146484375,10,337216.0,337216.0,337216.0,337216.0,0.0,337216.0,337216.0,10,1.0,1.0,1.0,1.0,0.0,1.0,1.0,10,1.0,1.0,1.0,1.0,0.0,1.0,1.0,10,1.0,1.0,1.0,1.0,0.0,1.0,1.0,10,0.0,0.0,0.0,0.0,0.0,0.0,0.0,10,100.0,100.0,100.0,100.0,0.0,100.0,100.0,10,1.0,1.0,1.0,1.0,0.0,1.0,1.0,10,100.0,100.0,100.0,100.0,0.0,100.0,100.0,,,,,,,,,,,,,,,,,,,,,,,,,,,,,,,,
bookends_control,K_stock_bookends,warm,bookends_control,real_2692,2692,start_to_home,UNSUPPORTED,1,0,0,10,,,,,,,,,,,,,,,,,,,,,,,,,,,,,,,,,,,,,,,,,,,,,,,,,,,,,,,,,,,,,,,,,,,,,,,,,,,,,,,,,,,,,,,,,,,,,,,,,,,,,,,,,,,,,,,,,,,,,,,,
bookends_control,A_stock,warm,bookends_control,real_2692,2692,process:spawn_to_ui_ready_ms,PASS,1,1,0,0,1,660.698667,660.698667,660.698667,660.698667,0.0,660.698667,660.698667,,,,,,,,,,,,,,,,,,,,,,,,,,,,,,,,,,,,,,,,,,,,,,,,,,,,,,,,,,,,,,,,,,,,,,,,,,,,,,,,,,,,,,,,,,,,,,,,,,,,,,,,,,,,,,,,
bookends_control,A_stock,warm,bookends_control,real_2692,2692,process:spawn_to_library_ready_ms,PASS,1,1,0,0,1,2344.222,2344.222,2344.222,2344.222,0.0,2344.222,2344.222,,,,,,,,,,,,,,,,,,,,,,,,,,,,,,,,,,,,,,,,,,,,,,,,,,,,,,,,,,,,,,,,,,,,,,,,,,,,,,,,,,,,,,,,,,,,,,,,,,,,,,,,,,,,,,,,
bookends_control,A_stock,warm,bookends_control,real_2692,2692,process:complete_marker_ms,PASS,1,1,0,0,1,14901.9555,14901.9555,14901.9555,14901.9555,0.0,14901.9555,14901.9555,,,,,,,,,,,,,,,,,,,,,,,,,,,,,,,,,,,,,,,,,,,,,,,,,,,,,,,,,,,,,,,,,,,,,,,,,,,,,,,,,,,,,,,,,,,,,,,,,,,,,,,,,,,,,,,,
bookends_control,A_stock,warm,bookends_control,real_2692,2692,process:spawn_to_process_exit_ms,PASS,1,1,0,0,1,15045.157833,15045.157833,15045.157833,15045.157833,0.0,15045.157833,15045.157833,,,,,,,,,,,,,,,,,,,,,,,,,,,,,,,,,,,,,,,,,,,,,,,,,,,,,,,,,,,,,,,,,,,,,,,,,,,,,,,,,,,,,,,,,,,,,,,,,,,,,,,,,,,,,,,,
bookends_control,K_stock_bookends,warm,bookends_control,real_2692,2692,process:spawn_to_ui_ready_ms,PASS,1,1,0,0,1,579.431,579.431,579.431,579.431,0.0,579.431,579.431,,,,,,,,,,,,,,,,,,,,,,,,,,,,,,,,,,,,,,,,,,,,,,,,,,,,,,,,,,,,,,,,,,,,,,,,,,,,,,,,,,,,,,,,,,,,,,,,,,,,,,,,,,,,,,,,
bookends_control,K_stock_bookends,warm,bookends_control,real_2692,2692,process:spawn_to_library_ready_ms,PASS,1,1,0,0,1,2370.836791,2370.836791,2370.836791,2370.836791,0.0,2370.836791,2370.836791,,,,,,,,,,,,,,,,,,,,,,,,,,,,,,,,,,,,,,,,,,,,,,,,,,,,,,,,,,,,,,,,,,,,,,,,,,,,,,,,,,,,,,,,,,,,,,,,,,,,,,,,,,,,,,,,
bookends_control,K_stock_bookends,warm,bookends_control,real_2692,2692,process:complete_marker_ms,PASS,1,1,0,0,1,16629.091,16629.091,16629.091,16629.091,0.0,16629.091,16629.091,,,,,,,,,,,,,,,,,,,,,,,,,,,,,,,,,,,,,,,,,,,,,,,,,,,,,,,,,,,,,,,,,,,,,,,,,,,,,,,,,,,,,,,,,,,,,,,,,,,,,,,,,,,,,,,,
bookends_control,K_stock_bookends,warm,bookends_control,real_2692,2692,process:spawn_to_process_exit_ms,PASS,1,1,0,0,1,16910.344791,16910.344791,16910.344791,16910.344791,0.0,16910.344791,16910.344791,,,,,,,,,,,,,,,,,,,,,,,,,,,,,,,,,,,,,,,,,,,,,,,,,,,,,,,,,,,,,,,,,,,,,,,,,,,,,,,,,,,,,,,,,,,,,,,,,,,,,,,,,,,,,,,,
bookends_control,A_stock,warm,bookends_control,real_2692,2692,memory:post_init_idle,PASS,1,1,0,0,,,,,,,,,1,11023.461914062,11023.461914062,11023.461914062,11023.461914062,0.0,11023.461914062,11023.461914062,,,,,,,,,1,166784.0,166784.0,166784.0,166784.0,0.0,166784.0,166784.0,,,,,,,,,,,,,,,,,,,,,,,,,,,,,,,,,,,,,,,,,,,,,,,,,,,,,,,,,,,,,,,,,,,,,,,,,,,,,,,,,1,8961.1650390625,8961.1650390625,8961.1650390625,8961.1650390625,0.0,8961.1650390625,8961.1650390625
bookends_control,A_stock,warm,bookends_control,real_2692,2692,memory:post_library_render_idle,PASS,1,1,0,0,,,,,,,,,1,20261.198242188,20261.198242188,20261.198242188,20261.198242188,0.0,20261.198242188,20261.198242188,,,,,,,,,1,218720.0,218720.0,218720.0,218720.0,0.0,218720.0,218720.0,,,,,,,,,,,,,,,,,,,,,,,,,,,,,,,,,,,,,,,,,,,,,,,,,,,,,,,,,,,,,,,,,,,,,,,,,,,,,,,,,1,13528.969726562,13528.969726562,13528.969726562,13528.969726562,0.0,13528.969726562,13528.969726562
bookends_control,A_stock,warm,bookends_control,real_2692,2692,memory:post_reader_cycles_forced_gc,PASS,1,10,0,0,,,,,,,,,,,,,,,,,,,,,,,,,,,,,,,,,,,,,,,,,,,,,,,,,,,,,,,,,,,,,,,,,,,,,,,,,,,,,,,,,,,,,,,,,,,,,,,,,,,,,,,,,,,,,,,,,10,14327.297851562,13479.431835937,14679.291992187,14196.188867187,500.52453828003684,13297.403320312,14797.504882812
bookends_control,A_stock,warm,bookends_control,real_2692,2692,memory:post_stress_idle,PASS,1,1,0,0,,,,,,,,,1,14630.618164062,14630.618164062,14630.618164062,14630.618164062,0.0,14630.618164062,14630.618164062,,,,,,,,,1,329104.0,329104.0,329104.0,329104.0,0.0,329104.0,329104.0,,,,,,,,,,,,,,,,,,,,,,,,,,,,,,,,,,,,,,,,,,,,,,,,,,,,,,,,,,,,,,,,,,,,,,,,,,,,,,,,,1,14621.219726562,14621.219726562,14621.219726562,14621.219726562,0.0,14621.219726562,14621.219726562
bookends_control,K_stock_bookends,warm,bookends_control,real_2692,2692,memory:post_init_idle,PASS,1,1,0,0,,,,,,,,,1,14127.918945312,14127.918945312,14127.918945312,14127.918945312,0.0,14127.918945312,14127.918945312,,,,,,,,,1,168240.0,168240.0,168240.0,168240.0,0.0,168240.0,168240.0,,,,,,,,,,,,,,,,,,,,,,,,,,,,,,,,,,,,,,,,,,,,,,,,,,,,,,,,,,,,,,,,,,,,,,,,,,,,,,,,,1,9827.3740234375,9827.3740234375,9827.3740234375,9827.3740234375,0.0,9827.3740234375,9827.3740234375
bookends_control,K_stock_bookends,warm,bookends_control,real_2692,2692,memory:post_library_render_idle,PASS,1,1,0,0,,,,,,,,,1,24403.279296875,24403.279296875,24403.279296875,24403.279296875,0.0,24403.279296875,24403.279296875,,,,,,,,,1,222512.0,222512.0,222512.0,222512.0,0.0,222512.0,222512.0,,,,,,,,,,,,,,,,,,,,,,,,,,,,,,,,,,,,,,,,,,,,,,,,,,,,,,,,,,,,,,,,,,,,,,,,,,,,,,,,,1,13646.893554688,13646.893554688,13646.893554688,13646.893554688,0.0,13646.893554688,13646.893554688
bookends_control,K_stock_bookends,warm,bookends_control,real_2692,2692,memory:post_reader_cycles_forced_gc,PASS,1,10,0,0,,,,,,,,,,,,,,,,,,,,,,,,,,,,,,,,,,,,,,,,,,,,,,,,,,,,,,,,,,,,,,,,,,,,,,,,,,,,,,,,,,,,,,,,,,,,,,,,,,,,,,,,,,,,,,,,,10,19440.177246093503,18828.573632812502,20492.4016601562,19604.665917968603,679.9119113700964,18487.1484375,20526.215820312
bookends_control,K_stock_bookends,warm,bookends_control,real_2692,2692,memory:post_stress_idle,PASS,1,1,0,0,,,,,,,,,1,24363.635742188,24363.635742188,24363.635742188,24363.635742188,0.0,24363.635742188,24363.635742188,,,,,,,,,1,354656.0,354656.0,354656.0,354656.0,0.0,354656.0,354656.0,,,,,,,,,,,,,,,,,,,,,,,,,,,,,,,,,,,,,,,,,,,,,,,,,,,,,,,,,,,,,,,,,,,,,,,,,,,,,,,,,1,21349.728515625,21349.728515625,21349.728515625,21349.728515625,0.0,21349.728515625,21349.728515625
